bCaMKII_b0  2,73,365,696,697,900,1180,1181,1305,1343,1382,1383,1397,1400
bCaMKII_b1  4,35,57,128,129,130,131,232,233,314,503,504,505,517,518,519,527,528,529,712,713,714,821,837,838,839,1021,1022,1036,1037,1039,1040,1041,1042,1065,1066,1067,1068,1204,1206,1207,1208,1263,1264,1265,1271,1282,1342,1344,1345,1346,1347,1348,1349,1360,1361,1362,1384,1385,1386,1387,1388,1396,1398
bCaMKII_b2  6,7,8,26,65,66,67,68,69,70,71,72,135,190,191,208,209,210,211,212,213,339,340,341,342,343,344,353,354,355,356,357,358,359,360,361,362,363,464,465,524,525,526,622,623,624,651,652,653,659,660,661,662,663,664,675,676,677,678,679,680,853,854,855,856,857,858,869,870,872,873,874,875,876,877,883,884,885,886,892,893,894,895,896,897,898,899,991,992,993,994,1059,1060,1061,1062,1063,1064,1128,1131,1132,1133,1149,1150,1151,1152,1153,1154,1155,1162,1163,1164,1165,1170,1174,1175,1176,1209,1266,1267,1268,1269,1270,1272,1273,1274,1275,1276,1277,1278,1279,1280,1281,1283,1284,1293,1294,1295,1296,1299,1300,1301,1302,1303,1304,1340,1341,1350,1351,1352,1353,1354,1355,1356,1357,1358,1359,1368,1372,1374,1375,1376,1390,1391,1392
bCaMKII_b3  13,14,15,16,31,32,33,34,105,116,117,118,119,120,121,122,123,124,125,126,127,217,218,219,223,224,225,226,227,228,229,230,231,300,301,302,317,318,319,320,364,448,449,450,473,474,475,476,477,478,483,484,485,486,487,488,489,490,491,492,493,494,495,496,497,498,499,500,514,515,516,669,670,671,672,673,674,688,689,690,691,692,693,694,695,699,700,701,702,703,704,705,706,707,708,709,710,793,794,800,801,802,803,822,823,824,825,829,830,831,888,889,890,891,970,971,972,973,974,975,995,996,997,998,999,1000,1001,1002,1003,1004,1005,1006,1007,1008,1013,1014,1015,1016,1017,1018,1019,1020,1029,1030,1031,1032,1033,1034,1049,1050,1051,1145,1156,1157,1158,1159,1160,1161,1166,1167,1168,1169,1171,1172,1173,1177,1178,1179,1182,1183,1184,1185,1186,1187,1188,1189,1195,1196,1197,1198,1199,1200,1201,1202,1203,1205,1235,1244,1245,1249,1250,1251,1285,1286,1287,1288,1289,1290,1291,1292,1297,1298,1319,1320,1321,1322,1323,1327,1328,1329,1330,1331,1369,1370,1371,1373
bCaMKII_b4  28,29,30,59,60,61,62,63,64,132,133,134,188,189,200,201,202,203,204,205,206,207,303,322,323,324,327,328,329,330,331,332,333,334,335,336,337,338,345,346,347,348,349,350,466,501,502,508,509,510,511,512,513,520,521,522,523,615,616,617,618,619,620,639,640,641,642,643,644,645,646,647,648,649,657,658,711,796,797,798,799,826,827,828,832,833,834,835,836,840,841,842,843,844,845,846,847,848,849,850,851,859,860,865,866,867,868,871,878,879,880,965,1009,1010,1011,1012,1023,1024,1025,1026,1027,1028,1035,1038,1043,1044,1045,1046,1047,1048,1052,1053,1054,1055,1056,1057,1114,1115,1116,1117,1123,1124,1125,1126,1127,1130,1190,1191,1192,1193,1194,1236,1237,1238,1239,1240,1241,1242,1243,1247,1248,1324,1325,1326
bCaMKII_b5  58,112,113,114,115,214,215,216,220,221,222,315,316,351,352,446,447,467,468,469,470,471,472,479,480,481,621,650,654,655,656,665,666,667,668,681,682,683,684,685,686,698,791,852,861,862,863,864,881,882,887,962,963,964,966,967,968,1058,1118,1119,1120,1121,1122,1246
bCaMKII_b6  111,199,321,325,326,482,506,507,614,687,792,795,969,1129
bCaMKII_p0  2,4,6,7,8,13,14,15,16,28,29,30,58,111
bCaMKII_p1  26,31,32,33,34,35,57,59,60,61,62,63,64,65,66,67,68,69,70,71,72,73,112,113,114,115,116,117,118,119,120,121,122,123,124,125,126,127,128,129,130,131,199,200,201,202,203,204,205,206,207,208,209,210,211,212,213,315,316,317,318,319,320,466
bCaMKII_p2  105,132,133,134,135,188,189,190,191,214,215,216,217,218,219,220,221,222,223,224,225,226,227,228,229,230,231,232,233,300,301,302,314,321,322,323,324,325,326,327,328,329,330,331,332,333,334,335,336,337,338,339,340,341,342,343,344,345,346,347,348,349,350,353,354,355,356,357,358,359,360,361,362,363,365,464,465,467,468,469,470,471,472,473,474,475,476,477,478,479,480,481,483,484,485,486,487,488,489,490,491,492,493,494,495,496,497,498,499,500,503,504,505,514,515,516,517,518,519,527,528,529,639,640,641,642,643,644,645,646,647,648,649,651,652,653,657,658,659,660,661,662,663,664,675,676,677,678,679,680,696,697,822,823,824,825,829,830,831,837,838,839,993,994
bCaMKII_p3  303,351,352,364,446,447,448,449,450,482,501,502,506,507,508,509,510,511,512,513,520,521,522,523,524,525,526,614,615,616,617,618,619,620,622,623,624,650,654,655,656,665,666,667,668,669,670,671,672,673,674,681,682,683,684,685,686,688,689,690,691,692,693,694,695,698,699,700,701,702,703,704,705,706,707,708,709,710,712,713,714,791,793,794,800,801,802,803,821,826,827,828,832,833,834,835,836,840,841,842,843,844,845,846,847,848,849,850,851,853,854,855,856,857,858,859,860,865,866,867,868,869,870,871,872,873,874,875,876,877,878,879,880,883,884,885,886,892,893,894,895,896,897,898,899,900,965,991,992,995,996,997,998,999,1000,1001,1002,1003,1004,1005,1006,1007,1008,1013,1014,1015,1016,1017,1018,1019,1020,1021,1022,1029,1030,1031,1032,1033,1034,1036,1037,1039,1040,1041,1042,1049,1050,1051,1065,1066,1067,1068,1145,1149,1150,1151,1152,1153,1154,1155,1162,1163,1164,1165,1170,1174,1175,1176,1180,1181,1209,1264,1265,1271,1282,1343
bCaMKII_p4  621,687,711,792,795,796,797,798,799,852,861,862,863,864,881,882,887,888,889,890,891,962,963,964,966,967,968,970,971,972,973,974,975,1009,1010,1011,1012,1023,1024,1025,1026,1027,1028,1035,1038,1043,1044,1045,1046,1047,1048,1052,1053,1054,1055,1056,1057,1059,1060,1061,1062,1063,1064,1114,1115,1116,1117,1123,1124,1125,1126,1127,1128,1130,1131,1132,1133,1156,1157,1158,1159,1160,1161,1166,1167,1168,1169,1171,1172,1173,1177,1178,1179,1182,1183,1184,1185,1186,1187,1188,1189,1195,1196,1197,1198,1199,1200,1201,1202,1203,1204,1205,1206,1207,1208,1235,1244,1245,1249,1250,1251,1263,1266,1267,1268,1269,1270,1272,1273,1274,1275,1276,1277,1278,1279,1280,1281,1283,1284,1293,1294,1295,1296,1299,1300,1301,1302,1303,1304,1305,1340,1341,1342,1344,1345,1346,1347,1348,1349,1360,1361,1362,1382,1383
bCaMKII_p5  969,1058,1118,1119,1120,1121,1122,1190,1191,1192,1193,1194,1236,1237,1238,1239,1240,1241,1242,1243,1247,1248,1285,1286,1287,1288,1289,1290,1291,1292,1297,1298,1319,1320,1321,1322,1323,1327,1328,1329,1330,1331,1350,1351,1352,1353,1354,1355,1356,1357,1358,1359,1368,1372,1374,1375,1376,1384,1385,1386,1387,1388,1396,1397
bCaMKII_p6  1129,1246,1324,1325,1326,1369,1370,1371,1373,1390,1391,1392,1398,1400
gCaMKII_b0  3,27,196,197,198,635,636,637,638,1146,1147,1148,1381,1401
gCaMKII_b1  5,12,49,50,51,52,53,106,107,108,109,110,290,291,292,293,294,295,296,297,298,299,454,455,456,457,458,459,460,461,462,463,781,782,783,784,785,786,787,788,789,790,981,982,983,984,985,986,987,988,989,990,1230,1231,1232,1233,1234,1335,1336,1337,1338,1339,1389,1399
gCaMKII_b2  9,10,11,21,22,23,24,25,54,55,56,85,86,87,88,89,90,91,92,93,94,168,169,170,171,172,173,174,175,176,177,178,179,180,181,182,183,184,185,186,187,304,305,306,307,308,309,310,311,312,313,400,401,402,403,404,405,406,407,408,409,410,411,412,413,414,415,584,585,586,587,588,589,590,591,592,593,594,595,596,597,598,599,600,601,602,603,604,605,606,607,608,609,610,611,612,613,805,806,807,808,809,810,811,812,813,814,815,816,817,818,819,820,921,922,923,924,925,926,927,928,929,930,1094,1095,1096,1097,1098,1099,1100,1101,1102,1103,1104,1105,1106,1107,1108,1109,1110,1111,1112,1113,1253,1254,1255,1256,1257,1258,1259,1260,1261,1262,1306,1307,1308,1363,1364,1365,1366,1367,1393,1394,1395
gCaMKII_b3  17,18,19,20,39,40,41,42,43,44,45,46,47,48,95,96,97,98,99,100,101,102,103,104,142,143,144,145,146,147,148,149,150,151,192,193,194,195,250,251,252,253,254,255,256,257,258,259,260,261,262,263,264,265,266,267,268,269,270,271,272,273,274,275,276,277,278,279,416,417,418,419,420,421,422,423,424,425,426,427,428,429,430,431,432,433,434,435,436,437,438,439,440,441,442,443,444,445,539,540,541,542,543,544,545,546,547,548,625,626,627,628,629,630,631,632,633,634,731,732,733,734,735,736,737,738,739,740,741,742,743,744,745,746,747,748,749,750,751,752,753,754,755,756,757,758,759,760,932,933,934,935,936,937,938,939,940,941,942,943,944,945,946,947,948,949,950,951,952,953,954,955,956,957,958,959,960,961,1069,1070,1071,1072,1135,1136,1137,1138,1139,1140,1141,1142,1143,1144,1210,1211,1212,1213,1214,1215,1216,1217,1218,1219,1309,1310,1311,1312,1313,1314,1315,1316,1317,1318,1377,1378,1379,1380
gCaMKII_b4  36,37,38,75,76,77,78,79,80,81,82,83,84,152,153,154,155,156,157,158,159,160,161,162,163,164,165,166,167,235,236,237,238,239,280,281,282,283,284,285,286,287,288,289,370,371,372,373,374,375,376,377,378,379,380,381,382,383,384,385,386,387,388,389,451,452,453,549,550,551,552,553,554,555,556,557,558,559,560,561,562,563,564,565,566,567,568,569,570,571,572,573,574,575,576,577,578,715,716,717,761,762,763,764,765,766,767,768,769,770,771,772,773,774,775,776,777,778,779,780,901,902,903,904,905,906,907,908,909,910,976,977,978,979,980,1073,1074,1075,1076,1077,1078,1079,1080,1081,1082,1083,1084,1085,1086,1087,1088,1220,1221,1222,1223,1224,1225,1226,1227,1228,1229,1332,1333,1334
gCaMKII_b5  74,137,138,139,140,141,240,241,242,243,244,245,246,247,248,249,366,390,391,392,393,394,395,396,397,398,399,530,531,532,533,534,579,580,581,582,583,718,719,720,721,722,723,724,725,726,727,804,911,912,913,914,915,916,917,918,919,920,1089,1090,1091,1092,1093,1252
gCaMKII_b6  136,234,367,368,369,535,536,537,538,728,729,730,931,1134
gCaMKII_p0  3,5,9,10,11,17,18,19,20,36,37,38,74,136
gCaMKII_p1  12,21,22,23,24,25,27,39,40,41,42,43,44,45,46,47,48,49,50,51,52,53,75,76,77,78,79,80,81,82,83,84,85,86,87,88,89,90,91,92,93,94,137,138,139,140,141,142,143,144,145,146,147,148,149,150,151,234,235,236,237,238,239,366
gCaMKII_p2  54,55,56,95,96,97,98,99,100,101,102,103,104,106,107,108,109,110,152,153,154,155,156,157,158,159,160,161,162,163,164,165,166,167,168,169,170,171,172,173,174,175,176,177,178,179,180,181,182,183,184,185,186,187,196,197,198,240,241,242,243,244,245,246,247,248,249,250,251,252,253,254,255,256,257,258,259,260,261,262,263,264,265,266,267,268,269,270,271,272,273,274,275,276,277,278,279,290,291,292,293,294,295,296,297,298,299,367,368,369,370,371,372,373,374,375,376,377,378,379,380,381,382,383,384,385,386,387,388,389,400,401,402,403,404,405,406,407,408,409,410,411,412,413,414,415,530,531,532,533,534,539,540,541,542,543,544,545,546,547,548,715,716,717
gCaMKII_p3  192,193,194,195,280,281,282,283,284,285,286,287,288,289,304,305,306,307,308,309,310,311,312,313,390,391,392,393,394,395,396,397,398,399,416,417,418,419,420,421,422,423,424,425,426,427,428,429,430,431,432,433,434,435,436,437,438,439,440,441,442,443,444,445,454,455,456,457,458,459,460,461,462,463,535,536,537,538,549,550,551,552,553,554,555,556,557,558,559,560,561,562,563,564,565,566,567,568,569,570,571,572,573,574,575,576,577,578,584,585,586,587,588,589,590,591,592,593,594,595,596,597,598,599,600,601,602,603,604,605,606,607,608,609,610,611,612,613,635,636,637,638,718,719,720,721,722,723,724,725,726,727,731,732,733,734,735,736,737,738,739,740,741,742,743,744,745,746,747,748,749,750,751,752,753,754,755,756,757,758,759,760,781,782,783,784,785,786,787,788,789,790,901,902,903,904,905,906,907,908,909,910,921,922,923,924,925,926,927,928,929,930,1069,1070,1071,1072
gCaMKII_p4  451,452,453,579,580,581,582,583,625,626,627,628,629,630,631,632,633,634,728,729,730,761,762,763,764,765,766,767,768,769,770,771,772,773,774,775,776,777,778,779,780,805,806,807,808,809,810,811,812,813,814,815,816,817,818,819,820,911,912,913,914,915,916,917,918,919,920,932,933,934,935,936,937,938,939,940,941,942,943,944,945,946,947,948,949,950,951,952,953,954,955,956,957,958,959,960,961,981,982,983,984,985,986,987,988,989,990,1073,1074,1075,1076,1077,1078,1079,1080,1081,1082,1083,1084,1085,1086,1087,1088,1094,1095,1096,1097,1098,1099,1100,1101,1102,1103,1104,1105,1106,1107,1108,1109,1110,1111,1112,1113,1146,1147,1148,1210,1211,1212,1213,1214,1215,1216,1217,1218,1219,1230,1231,1232,1233,1234,1306,1307,1308
gCaMKII_p5  804,931,976,977,978,979,980,1089,1090,1091,1092,1093,1135,1136,1137,1138,1139,1140,1141,1142,1143,1144,1220,1221,1222,1223,1224,1225,1226,1227,1228,1229,1253,1254,1255,1256,1257,1258,1259,1260,1261,1262,1309,1310,1311,1312,1313,1314,1315,1316,1317,1318,1335,1336,1337,1338,1339,1363,1364,1365,1366,1367,1381,1389
gCaMKII_p6  1134,1252,1332,1333,1334,1377,1378,1379,1380,1393,1394,1395,1399,1401
